08OCTAVA,20140617,0.76,0.79,0.76,0.79,347
4FUNMEDIA,20140617,11.00,11.95,11.00,11.39,5651
ABCDATA,20140617,4.01,4.05,4.01,4.05,502709
ABPL,20140617,27.88,28.09,27.79,28.09,4657
ACAUTOGAZ,20140617,38.99,38.99,38.99,38.99,239
ACE,20140617,12.20,12.20,11.69,11.69,7138
ACTION,20140617,44.70,45.97,44.70,45.00,2203
AGORA,20140617,9.49,9.49,9.38,9.44,7055
AGROTON,20140617,2.80,2.80,2.63,2.72,104125
ALCHEMIA,20140617,4.95,5.03,4.94,5.03,802448
ALIOR,20140617,83.00,84.00,82.00,83.00,115465
ALMA,20140617,24.25,24.25,23.55,23.81,563
ALTA,20140617,3.50,3.50,3.50,3.50,5
AMBRA,20140617,8.26,8.37,8.23,8.30,1886
AMICA,20140617,106.20,107.35,106.00,106.50,2981
AMREST,20140617,88.10,88.20,87.80,87.80,435
APATOR,20140617,36.40,36.50,36.00,36.00,650
APLISENS,20140617,13.28,13.28,12.80,12.80,914
ARCTIC,20140617,2.60,2.64,2.50,2.58,159115
ARCUS,20140617,2.41,2.41,2.31,2.34,600
ARKAFRN12,20140617,51.30,51.45,51.00,51.37,1343
ARKASWE17,20140617,87.99,87.99,87.99,87.99,4
ARTERIA,20140617,18.60,18.60,18.30,18.30,12470
ASBIS,20140617,3.78,3.83,3.74,3.78,15759
ASSECOBS,20140617,11.02,11.40,11.02,11.40,1086
ASSECOPOL,20140617,41.50,42.27,41.37,42.27,69458
ASSECOSEE,20140617,7.80,7.80,7.75,7.75,683
ASSECOSLO,20140617,15.60,16.00,15.60,16.00,129
ASTARTA,20140617,44.00,44.12,43.32,44.08,1826
ATENDE,20140617,3.72,3.79,3.59,3.79,12656
ATLANTAPL,20140617,7.00,7.00,7.00,7.00,620
ATLANTIS,20140617,1.12,1.15,1.11,1.15,23918
ATLASEST,20140617,1.29,1.29,1.29,1.29,4
ATM,20140617,12.50,12.50,11.73,12.40,2938
ATMGRUPA,20140617,3.38,3.38,3.29,3.30,142236
ATREM,20140617,5.77,5.77,5.77,5.77,285
AVIAAML,20140617,7.20,7.20,7.00,7.00,105
AVIASG,20140617,34.50,34.70,34.29,34.70,212
AWBUD,20140617,0.44,0.44,0.43,0.44,5712
BAKALLAND,20140617,2.30,2.30,2.18,2.26,44108
BALTONA,20140617,4.78,4.79,4.78,4.79,25
BANKBPH,20140617,48.14,48.14,48.13,48.13,2637
BBIDEV,20140617,1.50,1.50,1.50,1.50,4336
BENEFIT,20140617,281.85,283.90,281.85,283.90,2689
BETACOM,20140617,13.40,13.55,13.40,13.45,5027
BGZ,20140617,70.00,70.00,69.75,69.99,143
BIOTON,20140617,5.40,5.61,5.32,5.57,509111
BIPROMET,20140617,4.25,4.45,4.25,4.42,2645
BLACKLION,20140617,1.19,1.20,1.16,1.20,107724
BMPAG,20140617,3.27,3.41,3.27,3.41,150
BNPPL,20140617,58.99,58.99,58.01,58.97,156
BOGDANKA,20140617,121.95,121.95,119.10,120.70,12023
BORYSZEW,20140617,5.35,5.38,5.31,5.36,2823974
BOS,20140617,46.90,48.00,46.90,48.00,2438
BOWIM,20140617,2.35,2.35,2.35,2.35,4000
BPHFIZSN,20140617,53.80,54.00,53.80,54.00,29
BSCDRUK,20140617,26.29,26.29,25.32,26.24,1890
BUDIMEX,20140617,125.00,127.60,125.00,126.35,4932
BUMECH,20140617,2.50,2.55,2.45,2.54,9264
BUWOG,20140617,58.30,58.30,58.30,58.30,50
BYTOM,20140617,1.22,1.25,1.18,1.24,341390
BZWBK,20140617,372.75,379.75,370.75,373.20,72846
CALATRAVA,20140617,2.26,2.42,2.23,2.28,599159
CAMMEDIA,20140617,1.68,1.75,1.65,1.70,19548
CAPITAL,20140617,1.93,1.93,1.89,1.89,1530
CASHFLOW,20140617,0.72,0.77,0.69,0.76,11702
CCC,20140617,114.85,116.25,114.80,115.90,30132
CDPROJEKT,20140617,16.44,16.45,16.19,16.30,68517
CELTIC,20140617,3.95,3.99,3.95,3.99,3729
CEZ,20140617,91.50,91.50,90.53,91.20,27179
CIECH,20140617,33.39,33.39,32.95,33.03,46550
CIGAMES,20140617,10.10,10.29,10.04,10.12,8484
CNT,20140617,5.70,5.70,5.70,5.70,20
COALENERG,20140617,1.30,1.34,1.29,1.33,59481
COGNOR,20140617,1.86,1.89,1.86,1.89,10673
COLIAN,20140617,3.30,3.31,3.23,3.23,11230
COMARCH,20140617,86.00,87.89,86.00,87.00,640
COMP,20140617,57.00,59.40,57.00,58.00,3320
COMPERIA,20140617,19.25,19.25,19.18,19.25,19
CORMAY,20140617,7.09,7.19,6.90,6.90,50982
CPGROUP,20140617,4.95,4.95,4.80,4.85,29209
CUBEITG,20140617,0.50,0.50,0.50,0.50,1800
CYFRPLSAT,20140617,22.00,22.29,21.94,22.00,447751
CZTOREBKA,20140617,9.75,9.75,9.38,9.52,25219
DBSTXE0218,20140617,103.24,103.24,103.24,103.24,5000
DEBICA,20140617,88.45,90.78,88.45,88.56,206
DECORA,20140617,7.65,7.75,7.50,7.57,3484
DGA,20140617,0.85,0.86,0.85,0.86,270
DMWDM,20140617,1.51,1.51,1.43,1.51,11429
DOMDEV,20140617,47.72,47.72,46.30,46.62,637
DRAGOWSKI,20140617,0.50,0.50,0.48,0.48,30349
DREWEX,20140617,0.46,0.46,0.45,0.45,9000
DROP,20140617,3.02,3.05,2.92,2.92,625
DROZAPOL,20140617,0.75,0.76,0.75,0.76,945
DSS,20140617,1.06,1.08,1.06,1.08,1177
DTP,20140617,6.00,6.00,6.00,6.00,18
DUON,20140617,1.49,1.49,1.48,1.48,13950
ECHO,20140617,6.65,6.85,6.60,6.85,849392
EFEKT,20140617,11.52,11.52,11.52,11.52,5
EFH,20140617,0.44,0.45,0.40,0.40,642293
EKANCELAR,20140617,0.95,0.95,0.95,0.95,12
EKOEXPORT,20140617,34.90,35.40,34.60,35.00,7219
ELBUDOWA,20140617,84.60,84.89,84.60,84.89,110
ELEKTROTI,20140617,9.40,9.60,9.40,9.41,1120
ELEMENTAL,20140617,2.39,2.45,2.39,2.41,19312
ELKOP,20140617,1.25,1.27,1.23,1.27,9048
ELZAB,20140617,11.61,11.97,11.60,11.88,3498
EMCINSMED,20140617,16.25,16.25,16.25,16.25,1
EMPERIA,20140617,59.40,60.00,59.01,60.00,185
ENAP,20140617,1.03,1.03,1.03,1.03,1
ENEA,20140617,16.14,16.24,15.98,16.09,312342
ENELMED,20140617,10.26,10.67,10.26,10.50,5288
ENERGA,20140617,20.40,20.59,20.24,20.59,1319159
ENERGOINS,20140617,14.52,14.95,14.52,14.95,100001
ERBUD,20140617,25.23,25.50,25.23,25.30,7300
ERGIS,20140617,4.20,4.23,4.18,4.22,5805
ETFDAX,20140617,399.90,399.90,397.50,397.50,35
ETFSP500,20140617,60.50,60.93,60.50,60.93,161
ETFW20L,20140617,269.90,271.89,269.90,271.53,119
EUCO,20140617,20.16,22.07,20.16,21.52,2797
EUROCASH,20140617,42.75,42.99,41.02,42.70,550907
EUROTEL,20140617,12.37,12.37,12.25,12.25,930
FAMUR,20140617,4.85,4.95,4.80,4.85,131044
FARMACOL,20140617,53.00,53.00,52.10,52.96,439
FASING,20140617,19.71,19.80,19.70,19.80,497
FEERUM,20140617,23.39,23.39,23.39,23.39,4
FERRO,20140617,11.83,11.83,11.48,11.79,1211
FON,20140617,1.11,1.14,1.10,1.14,22055
FORTE,20140617,47.59,48.39,47.59,48.02,2547
FORTUNA,20140617,18.95,18.95,18.67,18.93,2014
FOTA,20140617,1.28,1.31,1.18,1.31,33644
GANT,20140617,0.46,0.48,0.42,0.43,777285
GETIN,20140617,3.24,3.25,3.17,3.19,384285
GETINOBLE,20140617,3.16,3.21,3.14,3.15,1301866
GINOROSSI,20140617,2.85,3.02,2.85,3.00,441244
GLCOSMED,20140617,2.15,2.15,2.15,2.15,200
GLOBALNRG,20140617,0.38,0.39,0.36,0.36,441961
GLOBCITYHD,20140617,34.36,34.36,34.03,34.03,1089
GNFIBA0914,20140617,98.40,98.40,98.40,98.40,80
GNFIBA1214,20140617,97.20,97.20,97.20,97.20,50
GORENJE,20140617,21.70,21.70,21.70,21.70,1
GPW,20140617,38.85,38.99,38.73,38.84,13828
GRAAL,20140617,17.04,17.10,16.84,17.05,1650
GRAJEWO,20140617,26.81,26.81,26.05,26.05,201
GREENECO,20140617,0.40,0.42,0.40,0.42,18452
GREMMEDIA,20140617,1.81,1.86,1.81,1.86,2900
GROCLIN,20140617,24.00,24.47,23.29,23.51,13047
GRUPAAZOTY,20140617,76.30,77.48,75.79,76.60,41178
GTC,20140617,8.00,8.15,7.96,8.13,541792
HANDLOWY,20140617,120.10,122.35,120.10,122.00,20345
HARPER,20140617,3.80,3.80,3.80,3.80,2478
HAWE,20140617,3.09,3.14,3.07,3.10,307700
HELIO,20140617,7.00,7.00,7.00,7.00,2
HERKULES,20140617,2.42,2.50,2.42,2.47,20552
HUTMEN,20140617,4.30,4.30,4.22,4.22,2855
HYDROTOR,20140617,33.49,33.49,32.60,32.70,64
HYGIENIKA,20140617,2.49,2.53,2.48,2.51,29678
HYPERION,20140617,2.75,3.00,2.75,3.00,504
IDEATFI,20140617,0.79,0.81,0.79,0.80,4022
IFCAPITAL,20140617,1.26,1.26,1.21,1.24,91
IIAAV,20140617,11.14,11.17,11.14,11.17,7300
IMCOMPANY,20140617,10.00,10.00,9.95,10.00,9503
IMMOBILE,20140617,1.92,1.92,1.89,1.90,35849
IMPEL,20140617,29.55,30.00,29.55,30.00,895
IMPEXMET,20140617,2.62,2.63,2.58,2.59,101759
INDYGO,20140617,1.37,1.40,1.35,1.35,99179
INDYKPOL,20140617,36.40,36.40,35.01,36.39,63
INGBSK,20140617,126.85,133.10,126.85,132.40,34047
INPRO,20140617,5.40,5.40,5.40,5.40,1
INSTALKRK,20140617,18.30,18.55,18.30,18.50,1746
INTEGERPL,20140617,239.75,243.00,239.00,243.00,6375
INTERAOLT,20140617,15.00,15.15,15.00,15.11,2279
INTERBUD,20140617,1.24,1.24,1.13,1.17,14456
INTERCARS,20140617,187.10,187.90,184.00,184.55,1725
INTERSPPL,20140617,1.71,1.71,1.70,1.71,520
INTROL,20140617,8.25,8.25,8.19,8.19,960
INVCEEFIZ,20140617,442.78,442.78,442.78,442.78,3
IPERMFIZ,20140617,68.65,68.65,68.65,68.65,10
IPOPEMA,20140617,5.59,5.59,5.56,5.59,2508
IQP,20140617,1.22,1.22,1.16,1.22,10
IVMX,20140617,3.77,3.77,3.70,3.75,1002
IZOLACJA,20140617,0.70,0.70,0.70,0.70,2
IZOSTAL,20140617,5.80,5.80,5.76,5.80,711
JHMDEV,20140617,0.51,0.51,0.50,0.51,57530
JSW,20140617,45.08,46.00,45.08,46.00,39413
JUPITER,20140617,0.44,0.45,0.44,0.45,9464
JWCONSTR,20140617,3.50,3.50,3.38,3.38,14933
K2INTERNT,20140617,11.21,11.80,11.21,11.80,313
KANIA,20140617,2.69,2.70,2.65,2.69,30966
KBDOM,20140617,4.36,4.36,4.14,4.14,1610
KERNEL,20140617,33.34,33.50,33.10,33.30,128835
KETY,20140617,213.85,216.65,212.15,212.30,947
KGHM,20140617,120.90,122.65,120.80,122.00,562803
KINOPOL,20140617,16.60,17.00,16.60,17.00,868
KOFOLA,20140617,35.15,35.15,34.80,34.80,61
KOGENERA,20140617,69.50,70.78,69.50,70.78,58
KOMPAP,20140617,8.11,8.38,7.45,7.45,765
KOMPUTRON,20140617,9.45,9.45,9.04,9.18,62799
KONSSTALI,20140617,24.95,24.96,24.95,24.96,52
KOPEX,20140617,12.59,12.72,12.50,12.60,12505
KPPD,20140617,28.50,28.50,28.15,28.15,570
KRAKCHEM,20140617,5.89,5.89,5.73,5.79,1789
KREC,20140617,7.35,7.35,7.22,7.35,2772
KREDYTIN,20140617,19.50,20.80,19.50,19.84,42366
KREZUS,20140617,6.17,6.51,6.05,6.30,103486
KRUK,20140617,94.13,95.75,94.13,95.60,3411
KRUSZWICA,20140617,59.20,60.84,59.20,60.09,1761
LCCORP,20140617,2.19,2.21,2.18,2.21,294569
LENA,20140617,4.28,4.30,4.26,4.30,2269
LENTEX,20140617,7.78,7.93,7.74,7.93,21369
LIBET,20140617,3.20,3.20,3.11,3.11,844
LIVECHAT,20140617,18.21,18.21,17.82,18.20,1649
LOTOS,20140617,38.00,38.35,37.91,37.95,82326
LPP,20140617,8302.60,8384.95,8201.15,8300.00,392
LSISOFT,20140617,6.41,6.41,6.21,6.21,1167
LUBAWA,20140617,1.16,1.19,1.16,1.18,54145
MABION,20140617,49.69,49.89,49.04,49.49,26409
MAGELLAN,20140617,71.96,73.00,70.86,71.92,2483
MAKARONPL,20140617,4.19,4.40,4.18,4.40,19031
MARVIPOL,20140617,7.00,7.00,6.87,6.99,594
MBANK,20140617,509.10,511.60,503.00,506.00,12952
MCI,20140617,9.75,9.91,9.75,9.87,91598
MEDIATEL,20140617,0.74,0.75,0.74,0.75,15001
MEDICALG,20140617,251.50,265.00,251.00,260.05,2140
MENNICA,20140617,14.00,14.09,14.00,14.09,258
MERCATOR,20140617,13.03,13.03,12.60,12.99,750
MERCOR,20140617,19.05,19.10,18.70,18.72,47832
MEXPOLSKA,20140617,2.20,2.20,1.97,1.97,8001
MFO,20140617,11.00,11.00,11.00,11.00,172
MIDAS,20140617,0.55,0.56,0.55,0.55,100810
MIESZKO,20140617,3.60,3.60,3.57,3.60,147
MILKILAND,20140617,6.60,6.60,6.60,6.60,180
MILLENNIUM,20140617,8.32,8.49,8.32,8.49,611950
MIRBUD,20140617,1.51,1.54,1.51,1.53,113492
MIT,20140617,0.40,0.42,0.40,0.40,603042
MNI,20140617,1.70,1.70,1.67,1.67,13182
MOBRUK,20140617,22.00,23.98,21.50,21.51,2282
MOL,20140617,170.20,172.65,170.15,172.25,126
MONNARI,20140617,8.53,8.63,8.48,8.63,14146
MOSTALPLC,20140617,15.20,15.20,14.72,14.79,1637
MOSTALWAR,20140617,5.55,5.59,5.50,5.55,5319
MOSTALZAB,20140617,1.92,1.95,1.91,1.93,638514
MUZA,20140617,3.58,3.58,3.58,3.58,10
MWTRADE,20140617,17.09,17.09,17.09,17.09,186
NETIA,20140617,5.25,5.29,5.01,5.10,605380
NETMEDIA,20140617,3.52,3.52,3.40,3.40,1716
NEUCA,20140617,235.30,239.85,233.10,233.10,1124
NEWAG,20140617,19.70,19.79,19.45,19.76,1901
NEWWORLDR,20140617,1.46,1.47,1.41,1.45,12669
NFIEMF,20140617,12.40,12.50,12.40,12.50,342
NOKAUT,20140617,1.27,1.30,1.17,1.20,9421
NORTCOAST,20140617,0.40,0.40,0.38,0.40,3121
NOVITA,20140617,32.75,32.75,31.75,32.75,1648
NOWAGALA,20140617,1.40,1.40,1.40,1.40,1000
ODLEWNIE,20140617,2.42,2.42,2.32,2.40,2523
OLYMPIC,20140617,8.05,8.05,8.05,8.05,35
OPENFIN,20140617,9.35,9.60,9.30,9.50,5210
OPONEO.PL,20140617,13.01,13.30,13.01,13.30,2595
ORANGEPL,20140617,10.37,10.40,10.22,10.29,3092277
ORBIS,20140617,42.49,43.19,42.05,43.19,4394
ORCOGROUP,20140617,2.24,2.42,2.24,2.39,60218
OTLOG,20140617,200.50,201.00,199.00,201.00,90
OTMUCHOW,20140617,9.20,9.45,9.20,9.27,1183
OVOSTAR,20140617,70.00,73.00,70.00,72.00,4666
PAGED,20140617,38.80,39.08,37.84,38.53,6170
PATENTUS,20140617,1.48,1.52,1.44,1.51,7108
PBG,20140617,2.09,2.10,2.07,2.09,8020
PBOANIOLA,20140617,0.80,0.80,0.80,0.80,100
PBSFINANSE,20140617,4.16,4.17,4.16,4.16,1118
PCCEXOL,20140617,3.90,3.91,3.90,3.91,393
PCCINTER,20140617,1.60,1.60,1.55,1.55,21546
PCGUARD,20140617,1.23,1.24,1.06,1.08,1653838
PCM,20140617,42.99,43.00,40.30,42.99,3150
PEIXIN,20140617,17.69,17.74,17.00,17.74,3139
PEKAES,20140617,11.54,12.00,11.54,12.00,2021
PEKAO,20140617,183.00,185.50,181.75,182.35,514138
PELION,20140617,77.70,80.19,77.70,78.30,11476
PEP,20140617,26.20,26.20,25.40,26.20,21
PEPEES,20140617,0.53,0.54,0.52,0.54,9616
PGE,20140617,21.45,22.30,21.30,22.30,3710744
PGNIG,20140617,5.12,5.19,5.11,5.19,3487635
PGODLEW,20140617,4.60,4.60,4.23,4.57,1010
PHN,20140617,28.10,28.30,28.08,28.30,4826
PKNORLEN,20140617,40.52,41.39,40.52,41.20,806741
PKOBL1,20140617,103.00,103.00,102.80,102.80,100
PKOBP,20140617,40.25,40.61,39.92,40.02,4869036
PKOGS,20140617,98.85,98.85,98.85,98.85,285
PKPCARGO,20140617,76.90,79.00,74.75,79.00,756015
PLASTBOX,20140617,2.31,2.48,2.31,2.31,35364
PLAZACNTR,20140617,0.59,0.60,0.58,0.58,66009
POLICE,20140617,24.00,24.80,23.45,24.50,5235
POLMED,20140617,2.28,2.28,2.25,2.25,1317
POLNA,20140617,24.38,24.38,24.37,24.37,124
POLNORD,20140617,9.15,9.15,9.09,9.14,15608
POZBUD,20140617,5.12,5.23,5.10,5.20,21533
PRAGMAFA,20140617,15.80,15.80,15.80,15.80,98
PRAGMAINK,20140617,17.80,17.80,17.68,17.68,312
PRESCO,20140617,4.63,4.63,4.63,4.63,1
PROCAD,20140617,1.17,1.17,1.16,1.16,17
PROCHEM,20140617,23.40,23.79,23.40,23.67,316
PROJPRZEM,20140617,7.99,7.99,7.99,7.99,1050
PROTEKTOR,20140617,3.36,3.47,3.36,3.46,1256
PROVIDENT,20140617,31.53,31.53,31.00,31.00,409
PTI,20140617,17.37,17.38,17.37,17.38,1881
PULAWY,20140617,144.05,147.50,144.05,147.50,425
PWRMEDIA,20140617,1.48,1.48,1.48,1.48,1
PZU,20140617,451.20,457.00,450.50,452.60,126271
QUANTUM,20140617,4.20,4.20,4.20,4.20,200
QUERCUS,20140617,6.98,6.98,6.70,6.70,26140
QUMAK,20140617,13.37,13.79,13.37,13.55,4217
RADPOL,20140617,10.92,10.92,10.56,10.79,327
RAFAKO,20140617,4.43,4.48,4.42,4.43,38568
RAINBOW,20140617,16.36,16.40,15.92,16.40,22725
RANKPROGR,20140617,5.66,5.69,5.49,5.69,7001
RAWLPLUG,20140617,10.62,10.93,10.43,10.93,3271
RCCRUAOPEN,20140617,20.25,20.25,20.25,20.25,938
RCDGRAOPEN,20140617,14.82,14.82,14.82,14.82,5
RCGLDAOPEN,20140617,386.71,386.71,385.54,385.91,21
RCLNAGOPEN,20140617,11.41,11.41,11.41,11.41,5000
RCRTMAOPEN,20140617,68.40,68.40,68.40,68.40,5
RCRTXAOPEN,20140617,82.98,82.98,82.98,82.98,5
RCSCRAOPEN,20140617,128.43,128.43,128.43,128.43,36
RCSDAXOPEN,20140617,144.12,144.12,144.12,144.12,10
RCSILAOPEN,20140617,59.67,60.20,59.67,60.20,1601
RCWHTAOPEN,20140617,8.36,8.36,8.35,8.35,4244
REDAN,20140617,1.97,1.99,1.93,1.97,10661
REDWOOD,20140617,0.75,0.75,0.71,0.72,16622
REINHOLD,20140617,0.57,0.58,0.56,0.58,10775
RELPOL,20140617,7.40,7.40,7.22,7.40,5959
REMAK,20140617,9.00,9.00,9.00,9.00,2
RESBUD,20140617,7.70,7.70,7.39,7.50,1308
ROBYG,20140617,2.34,2.39,2.34,2.34,5818
RONSON,20140617,1.48,1.48,1.48,1.48,6566
ROPCZYCE,20140617,26.38,26.38,25.90,25.90,333
ROVESE,20140617,1.38,1.44,1.35,1.44,202058
SANOK,20140617,40.42,41.40,40.42,40.98,1100
SCOPAK,20140617,1.02,1.02,0.92,0.96,9920
SECOGROUP,20140617,26.90,27.98,26.90,27.54,1216
SEKO,20140617,8.07,8.07,8.07,8.07,10
SELENAFM,20140617,20.71,21.40,20.66,20.70,319
SERINUS,20140617,8.12,8.29,8.12,8.15,13368
SFINKS,20140617,1.64,1.67,1.64,1.66,16025
SIMPLE,20140617,9.20,9.89,9.20,9.89,360
SKOK,20140617,2.37,2.37,2.29,2.37,1132
SKOTAN,20140617,1.71,1.73,1.70,1.72,63140
SKYLINE,20140617,1.15,1.15,1.01,1.14,3158
SMT,20140617,19.35,19.60,19.15,19.60,888
SNIEZKA,20140617,37.51,37.51,37.00,37.00,997
SOBIESKI,20140617,37.30,37.30,37.28,37.30,300
SOLAR,20140617,2.83,2.83,2.83,2.83,20
STALEXP,20140617,2.57,2.65,2.57,2.65,144712
STALPROFI,20140617,16.60,16.60,16.60,16.60,1219
STAPORKOW,20140617,17.50,18.00,17.00,17.98,1809
SUWARY,20140617,12.86,12.86,12.86,12.86,5
SWISSMED,20140617,0.48,0.49,0.48,0.49,5698
SYGNITY,20140617,16.50,16.57,16.30,16.40,718
SYNTHOS,20140617,4.49,4.52,4.48,4.51,1454984
TALANX,20140617,108.00,108.00,108.00,108.00,100
TALEX,20140617,16.60,16.60,16.39,16.39,135
TARCZYNSKI,20140617,11.30,11.36,11.30,11.35,546
TAURONPE,20140617,5.27,5.44,5.27,5.40,1641885
TESGAS,20140617,4.83,4.97,4.83,4.85,10246
TFONE,20140617,5.19,5.39,5.19,5.35,8028
TIM,20140617,6.38,6.68,6.38,6.68,4238
TOYA,20140617,4.80,4.92,4.80,4.92,40088
TRAKCJA,20140617,1.07,1.09,1.06,1.09,1729893
TRANSPOL,20140617,5.28,5.50,5.00,5.43,10288
TRITON,20140617,0.72,0.72,0.70,0.71,20150
TVN,20140617,15.95,16.03,15.75,16.03,28497
ULMA,20140617,74.85,74.85,72.50,72.50,34
UNIBEP,20140617,7.30,7.55,7.30,7.55,4290
UNICREDIT,20140617,28.50,28.50,28.10,28.10,125
UNIMA,20140617,2.73,2.73,2.70,2.73,330
URSUS,20140617,2.31,2.35,2.31,2.34,4839
VANTAGE,20140617,3.15,3.19,3.15,3.15,81565
VARIANT,20140617,2.14,2.18,2.14,2.18,65
VINDEXUS,20140617,5.90,5.90,5.70,5.70,26805
VISTAL,20140617,15.45,15.50,15.16,15.50,4516
VISTULA,20140617,1.69,1.78,1.69,1.78,1097773
VOTUM,20140617,7.40,7.40,7.30,7.40,2470
VOXEL,20140617,11.25,11.25,11.10,11.10,1023
WADEX,20140617,7.96,7.96,7.90,7.90,27
WANDALEX,20140617,3.24,3.44,3.22,3.38,40099
WARIMPEX,20140617,5.91,5.95,5.91,5.95,20
WASKO,20140617,2.09,2.09,2.06,2.09,6210
WAWEL,20140617,1010.00,1016.00,995.00,997.00,1546
WESTAISIC,20140617,0.44,0.48,0.41,0.46,77008
WIELTON,20140617,5.40,5.45,5.40,5.40,11920
WILBO,20140617,0.78,0.78,0.75,0.75,12428
WINVEST,20140617,8.57,8.60,8.30,8.59,235
WOJAS,20140617,8.50,8.50,8.23,8.30,2141
WORKSERV,20140617,15.08,15.08,14.44,15.00,4424
YAWAL,20140617,6.79,6.79,6.41,6.79,380
ZAMET,20140617,4.43,4.50,4.42,4.50,4055
ZASTAL,20140617,1.53,1.54,1.52,1.53,32946
ZEPAK,20140617,26.20,26.50,25.86,26.30,16681
ZETKAMA,20140617,73.89,74.00,73.89,74.00,4
ZPUE,20140617,360.00,364.00,360.00,364.00,12
ZUE,20140617,9.14,9.14,8.80,8.90,226
INVESTORMS,20140617,3442.25,3447.78,3442.25,3447.78,181806.789
MIS80,20140617,13037.61,13037.61,13026.11,13026.11,19888.822
MWIG40,20140617,3477.44,3503.44,3474.28,3503.44,169829.402
NCINDEX30,20140617,1288.39,1288.39,1268.90,1286.00,574.989
RESPECT,20140617,2735.82,2773.63,2735.82,2772.07,352446.442
WIG,20140617,52608.89,52981.38,52608.89,52943.98,882846.150
WIG-BANKI,20140617,8460.98,8460.98,8443.82,8445.07,350807.109
WIG-BUDOW,20140617,2135.82,2135.82,2125.54,2134.38,4414.296
WIG-CEE,20140617,721.41,721.41,721.41,721.41,7776.425
WIG-CHEMIA,20140617,12430.96,12430.96,12411.32,12411.32,11386.758
WIG-DEWEL,20140617,1526.72,1545.57,1526.72,1545.57,11870.784
WIG-ENERG,20140617,4399.84,4459.81,4399.84,4459.81,125356.822
WIG-INFO,20140617,1259.64,1272.18,1259.64,1272.18,7059.336
WIG-MEDIA,20140617,3741.68,3741.68,3740.03,3740.03,11242.101
WIG-PALIWA,20140617,3284.31,3289.20,3284.31,3289.20,54570.022
WIG-POLAND,20140617,54170.39,54234.29,54168.54,54234.29,874412.673
WIG-SPOZYW,20140617,2745.14,2745.14,2739.02,2739.02,7020.766
WIG-SUROWC,20140617,4094.54,4104.27,4090.37,4104.27,71963.268
WIG-TELKOM,20140617,1053.26,1053.26,1043.92,1043.92,36064.650
WIG-UKRAIN,20140617,363.59,363.59,363.02,363.02,5194.334
WIG20,20140617,2448.85,2468.39,2448.26,2464.39,679304.288
WIG20LEV,20140617,932.15,947.02,931.70,943.98,679304.288
WIG20SHORT,20140617,3158.09,3158.85,3132.86,3138.02,679304.288
WIG20TR,20140617,3809.77,3812.48,3808.42,3812.48,679304.288
WIG250,20140617,1252.35,1257.97,1252.35,1257.87,23899.130
WIG30,20140617,2617.17,2639.55,2616.69,2636.53,730850.557
WIG30LEV,20140617,1072.95,1091.29,1072.56,1088.82,730850.557
WIG30SHORT,20140617,4906.60,4907.50,4864.61,4870.27,730850.557
WIG30TR,20140617,4041.16,4044.68,4040.19,4044.68,730850.557
WIG50,20140617,3130.27,3149.03,3129.51,3149.03,124327.586
WIGDIV,20140617,1155.01,1163.85,1154.91,1161.41,334164.754
