08OCTAVA,20140616,0.77,0.79,0.76,0.79,2073
4FUNMEDIA,20140616,10.90,11.00,10.90,11.00,2172
ABCDATA,20140616,3.93,4.01,3.89,4.00,136020
ABPL,20140616,28.10,28.10,27.50,27.90,2417
ACAUTOGAZ,20140616,36.50,37.95,36.50,37.89,250
ACE,20140616,12.03,12.60,11.95,11.95,6241
ACTION,20140616,44.70,44.70,44.50,44.70,551
AGORA,20140616,9.50,9.55,9.35,9.36,14860
AGROTON,20140616,2.81,2.81,2.72,2.73,169508
ALCHEMIA,20140616,4.98,5.02,4.90,4.95,726493
ALIOR,20140616,82.49,83.04,81.80,83.00,28193
ALMA,20140616,24.25,24.25,24.24,24.24,138
ALTA,20140616,3.41,3.47,3.40,3.47,2110
AMBRA,20140616,8.50,8.51,8.21,8.22,16273
AMICA,20140616,106.50,107.00,103.80,105.60,1308
AMREST,20140616,86.46,87.98,85.07,87.98,402
APATOR,20140616,35.48,36.20,35.42,36.20,1118
APLISENS,20140616,13.20,13.45,12.87,12.87,1732
ARCTIC,20140616,2.69,2.71,2.51,2.60,153579
ARCUS,20140616,2.38,2.38,2.29,2.34,3362
ARKAFRN12,20140616,51.35,51.44,51.00,51.00,1840
ARKASWE17,20140616,87.50,87.50,87.50,87.50,288
ARTERIA,20140616,18.50,18.51,18.00,18.22,474
ASBIS,20140616,3.93,3.93,3.73,3.77,24921
ASSECOBS,20140616,11.59,11.59,11.59,11.59,1
ASSECOPOL,20140616,41.68,41.87,41.11,41.87,54197
ASSECOSEE,20140616,7.80,7.80,7.80,7.80,1
ASSECOSLO,20140616,15.60,15.60,15.60,15.60,140
ASTARTA,20140616,45.41,45.41,43.80,44.10,11650
ATENDE,20140616,3.74,3.74,3.56,3.71,3540
ATLANTAPL,20140616,6.96,7.13,6.95,7.13,732
ATLANTIS,20140616,1.15,1.15,1.11,1.12,19683
ATLASEST,20140616,1.27,1.27,1.26,1.26,7100
ATM,20140616,12.54,12.67,12.54,12.67,1379
ATMGRUPA,20140616,3.33,3.42,3.30,3.32,101656
ATREM,20140616,5.77,5.77,5.77,5.77,100
AVIAAML,20140616,7.00,7.00,7.00,7.00,334
AVIASG,20140616,36.60,36.60,35.92,35.92,283
AWBUD,20140616,0.44,0.45,0.43,0.43,94850
BAKALLAND,20140616,2.34,2.35,2.30,2.30,13268
BALTONA,20140616,4.78,4.78,4.78,4.78,555
BANKBPH,20140616,48.24,48.24,48.24,48.24,10
BBIDEV,20140616,1.51,1.51,1.50,1.50,10989
BENEFIT,20140616,280.00,281.50,276.00,281.50,435
BETACOM,20140616,13.47,13.47,13.25,13.40,588
BGZ,20140616,70.01,70.45,70.01,70.03,434
BIOTON,20140616,5.23,5.40,5.23,5.39,160940
BIPROMET,20140616,4.32,4.42,4.32,4.41,2796
BLACKLION,20140616,1.18,1.21,1.18,1.21,1466
BMPAG,20140616,3.29,3.34,3.26,3.34,4885
BNPPL,20140616,58.90,59.00,56.60,59.00,2023
BOGDANKA,20140616,120.00,122.00,120.00,122.00,13922
BORYSZEW,20140616,5.26,5.37,5.25,5.35,259266
BOS,20140616,46.90,46.90,46.05,46.80,354
BOWIM,20140616,2.40,2.40,2.40,2.40,50
BPHFIZBI4,20140616,118.10,118.10,118.10,118.10,200
BRIJU,20140616,12.50,13.00,12.50,13.00,365
BSCDRUK,20140616,26.27,26.27,26.24,26.24,168
BUDIMEX,20140616,127.85,127.85,124.15,125.90,6816
BUMECH,20140616,2.58,2.58,2.50,2.54,3008
BUWOG,20140616,58.09,59.00,58.09,58.94,8686
BYTOM,20140616,1.20,1.27,1.18,1.21,1815274
BZWBK,20140616,371.40,373.50,362.85,370.00,95020
CALATRAVA,20140616,2.15,2.36,2.12,2.30,615863
CAPITAL,20140616,1.93,1.96,1.88,1.88,3719
CCC,20140616,111.80,114.40,110.45,113.55,7231
CDPROJEKT,20140616,16.02,16.25,15.51,16.25,95145
CELTIC,20140616,3.96,3.96,3.96,3.96,1500
CEZ,20140616,90.55,91.43,90.55,91.30,2607
CIECH,20140616,32.81,33.39,32.71,33.30,28356
CIGAMES,20140616,10.00,10.05,9.75,10.04,18243
CNT,20140616,5.64,5.72,5.50,5.69,1405
COALENERG,20140616,1.30,1.34,1.30,1.31,45736
COGNOR,20140616,1.84,1.88,1.82,1.88,7869
COLIAN,20140616,3.11,3.25,2.90,3.25,197236
COMARCH,20140616,86.00,86.00,85.15,85.15,175
COMP,20140616,55.80,57.99,55.80,57.99,1430
COMPERIA,20140616,18.84,19.25,18.84,19.25,215
CORMAY,20140616,7.19,7.24,7.02,7.09,21579
CPGROUP,20140616,4.85,4.94,4.85,4.94,2410
CUBEITG,20140616,0.48,0.50,0.45,0.50,11223
CYFRPLSAT,20140616,22.36,22.36,21.92,22.05,296828
CZTOREBKA,20140616,9.60,9.68,9.60,9.68,375
DEBICA,20140616,90.95,90.95,88.10,88.20,152
DECORA,20140616,7.55,7.65,7.49,7.65,4799
DELKO,20140616,6.00,6.29,6.00,6.29,1011
DGA,20140616,0.85,0.87,0.84,0.85,7227
DMWDM,20140616,1.51,1.51,1.48,1.51,54436
DOMDEV,20140616,48.78,48.78,45.92,47.72,244
DRAGOWSKI,20140616,0.50,0.51,0.47,0.51,106479
DREWEX,20140616,0.44,0.46,0.44,0.46,50445
DROP,20140616,3.10,3.10,3.05,3.06,3615
DROZAPOL,20140616,0.75,0.75,0.73,0.75,1776
DSS,20140616,1.05,1.05,1.05,1.05,237
DTP,20140616,6.00,6.00,5.94,6.00,316
DUDA,20140616,0.78,0.78,0.76,0.77,289060
DUON,20140616,1.47,1.49,1.46,1.48,20448
ECHO,20140616,6.47,6.64,6.44,6.60,337540
EDINVEST,20140616,3.48,3.48,3.48,3.48,1
EFEKT,20140616,11.00,11.52,10.80,11.52,184
EFH,20140616,0.44,0.44,0.40,0.43,347286
EKANCELAR,20140616,0.87,0.95,0.84,0.95,6889
EKOEXPORT,20140616,36.10,36.10,34.80,34.85,18955
ELBUDOWA,20140616,85.50,85.60,84.50,84.89,17463
ELEKTROTI,20140616,9.54,9.54,9.30,9.40,1770
ELEMENTAL,20140616,2.46,2.46,2.41,2.44,21604
ELKOP,20140616,1.23,1.24,1.18,1.24,4068
ELZAB,20140616,12.20,12.20,12.00,12.20,359
EMCINSMED,20140616,16.42,16.42,16.42,16.42,39
EMPERIA,20140616,60.20,60.50,59.08,60.40,3846
ENAP,20140616,1.03,1.03,0.99,1.00,5503
ENEA,20140616,16.00,16.18,15.95,16.14,152822
ENELMED,20140616,10.22,10.30,10.22,10.30,954
ENERGA,20140616,20.15,20.44,19.50,20.40,1033010
ENERGOINS,20140616,15.00,15.00,14.52,14.52,103325
ERBUD,20140616,25.22,25.60,25.22,25.25,245
ERGIS,20140616,4.17,4.24,4.17,4.17,687
ESSYSTEM,20140616,2.86,2.86,2.86,2.86,1
ETFDAX,20140616,387.00,397.50,387.00,397.50,181
ETFSP500,20140616,60.20,60.20,60.20,60.20,4
ETFW20L,20140616,267.41,270.00,267.41,268.02,3713
EUCO,20140616,21.00,21.00,20.16,20.40,2419
EUROCASH,20140616,42.44,43.16,42.05,42.75,152949
EUROTEL,20140616,12.60,12.60,12.01,12.15,359
FAMUR,20140616,4.85,4.89,4.79,4.83,36540
FARMACOL,20140616,51.80,52.99,51.40,52.97,10263
FASING,20140616,20.19,20.19,20.19,20.19,107
FEERUM,20140616,23.39,23.39,22.20,23.39,224
FERRO,20140616,11.40,11.69,11.38,11.38,5984
FON,20140616,1.12,1.12,1.08,1.11,3291
FORTE,20140616,48.01,48.39,47.60,48.39,1915
FORTUNA,20140616,19.50,19.98,19.17,19.25,6243
FOTA,20140616,1.33,1.33,1.28,1.28,8210
GANT,20140616,0.45,0.47,0.44,0.45,164305
GETIN,20140616,3.25,3.25,3.18,3.24,213484
GETINOBLE,20140616,3.12,3.17,3.11,3.16,891249
GINOROSSI,20140616,2.75,2.85,2.75,2.85,197630
GLCOSMED,20140616,2.03,2.20,2.03,2.20,7677
GLOBALNRG,20140616,0.39,0.41,0.37,0.38,1849259
GLOBCITYHD,20140616,34.67,34.82,34.67,34.70,1216
GNFIBA0814,20140616,98.80,98.80,98.80,98.80,110
GNFIBA1214,20140616,97.20,97.20,97.20,97.20,80
GORENJE,20140616,20.71,21.70,20.71,21.70,3
GPW,20140616,38.67,39.00,38.60,38.99,40313
GRAAL,20140616,16.84,17.04,16.84,17.04,3562
GRAJEWO,20140616,26.40,26.80,24.82,25.85,3571
GREENECO,20140616,0.40,0.40,0.39,0.39,2999
GREMMEDIA,20140616,1.72,1.81,1.72,1.81,10407
GROCLIN,20140616,23.98,24.78,23.73,23.93,17743
GRUPAAZOTY,20140616,71.00,75.87,70.00,75.87,143090
GTC,20140616,7.99,8.05,7.87,8.01,79855
HANDLOWY,20140616,117.80,121.50,117.60,120.40,27737
HARPER,20140616,3.80,3.80,3.64,3.64,4840
HAWE,20140616,3.06,3.09,2.93,3.09,542403
HELIO,20140616,6.99,6.99,6.99,6.99,47
HERKULES,20140616,2.47,2.47,2.40,2.46,25021
HUTMEN,20140616,4.24,4.30,4.21,4.22,9591
HYDROTOR,20140616,33.49,33.49,32.50,33.00,571
HYGIENIKA,20140616,2.52,2.53,2.46,2.49,82002
HYPERION,20140616,3.01,3.01,2.77,3.00,381
IDEATFI,20140616,0.80,0.80,0.80,0.80,500
IFCAPITAL,20140616,1.26,1.26,1.20,1.26,1767
IIAAV,20140616,10.99,10.99,10.96,10.96,131
IMCOMPANY,20140616,10.15,10.15,9.92,10.00,35371
IMMOBILE,20140616,1.90,1.92,1.89,1.89,105638
IMPEL,20140616,30.51,30.51,29.70,30.00,847
IMPEXMET,20140616,2.59,2.61,2.56,2.59,116622
INC,20140616,0.73,0.73,0.73,0.73,1800
INDYGO,20140616,1.32,1.37,1.32,1.36,211777
INDYKPOL,20140616,36.50,36.60,36.40,36.40,329
INGBSK,20140616,129.45,130.95,128.10,129.80,5269
INPRO,20140616,5.40,5.40,5.25,5.40,827
INSTALKRK,20140616,18.54,18.54,18.30,18.52,1793
INTEGERPL,20140616,240.10,240.10,236.50,239.30,6753
INTERAOLT,20140616,15.08,15.14,15.05,15.11,3428
INTERBUD,20140616,1.26,1.26,1.10,1.24,64665
INTERCARS,20140616,188.00,189.40,185.65,189.40,160
INTERSPPL,20140616,1.72,1.72,1.71,1.71,25
INTROL,20140616,8.25,8.25,8.25,8.25,671
INVFIZ,20140616,1020.00,1030.00,1020.00,1030.00,35
INVPEFIZ,20140616,900.02,910.00,900.02,903.00,53
IPOPEMA,20140616,5.59,5.59,5.56,5.59,822
IQP,20140616,1.19,1.22,1.17,1.18,17601
IVMX,20140616,3.79,3.79,3.68,3.68,1032
IZOLACJA,20140616,0.70,0.70,0.70,0.70,2
IZOSTAL,20140616,5.83,5.85,5.83,5.85,400
JHMDEV,20140616,0.50,0.51,0.49,0.51,37256
JSW,20140616,45.19,45.66,43.54,45.66,94076
JUPITER,20140616,0.44,0.44,0.44,0.44,4018
JWCONSTR,20140616,3.49,3.49,3.44,3.44,5535
K2INTERNT,20140616,11.56,11.99,11.10,11.55,749
KANIA,20140616,2.74,2.74,2.69,2.69,29799
KBDOM,20140616,4.41,4.41,4.25,4.36,2150
KERNEL,20140616,33.00,33.40,32.51,33.34,189605
KETY,20140616,214.00,214.00,212.65,213.85,404
KGHM,20140616,118.90,120.70,118.30,120.10,468847
KINOPOL,20140616,16.60,16.98,16.60,16.98,2341
KOFOLA,20140616,35.15,35.15,35.15,35.15,1
KOGENERA,20140616,69.48,69.49,69.40,69.49,205
KOMPAP,20140616,7.54,8.11,7.47,8.11,5002
KOMPUTRON,20140616,8.65,8.90,8.60,8.90,19982
KONSSTALI,20140616,24.95,24.95,24.95,24.95,2
KOPEX,20140616,12.70,12.72,12.53,12.59,12658
KRAKCHEM,20140616,5.75,5.81,5.70,5.80,2547
KREC,20140616,7.12,7.70,7.12,7.40,5538
KREDYTIN,20140616,19.38,19.65,19.19,19.30,4880
KREZUS,20140616,6.12,6.19,5.90,6.16,29548
KRUK,20140616,95.98,95.98,95.01,95.40,2414
KRUSZWICA,20140616,60.84,60.84,59.75,60.84,1304
LCCORP,20140616,2.18,2.21,2.16,2.20,234772
LENA,20140616,4.29,4.29,4.20,4.27,8266
LENTEX,20140616,7.84,7.98,7.76,7.78,7926
LIBET,20140616,3.22,3.22,3.10,3.13,6757
LIVECHAT,20140616,18.20,18.20,17.60,18.14,965
LMDSFIZ,20140616,1238.00,1238.00,1238.00,1238.00,1
LOTOS,20140616,38.20,38.35,37.92,38.06,39101
LPP,20140616,8250.00,8305.95,8250.00,8300.00,298
LSISOFT,20140616,6.21,6.45,6.21,6.30,1216
LUBAWA,20140616,1.17,1.19,1.15,1.17,194457
MABION,20140616,48.10,49.90,48.10,49.50,16096
MAGELLAN,20140616,73.21,73.21,71.96,73.20,2563
MAKARONPL,20140616,4.45,4.58,4.15,4.15,16049
MARVIPOL,20140616,6.85,6.97,6.85,6.97,1330
MBANK,20140616,501.30,507.00,498.00,505.20,14515
MCI,20140616,9.71,9.75,9.62,9.75,32811
MEDIATEL,20140616,0.72,0.72,0.72,0.72,78547
MEDICALG,20140616,235.00,251.00,231.10,251.00,3569
MENNICA,20140616,14.00,14.18,14.00,14.18,5496
MERCATOR,20140616,12.20,13.00,11.92,13.00,5076
MERCOR,20140616,19.09,19.09,18.75,18.95,103091
MEXPOLSKA,20140616,2.16,2.20,1.95,2.20,20134
MFO,20140616,11.29,11.29,11.29,11.29,5
MIDAS,20140616,0.56,0.56,0.55,0.56,303094
MIESZKO,20140616,3.65,3.65,3.55,3.55,1457
MILKILAND,20140616,7.10,7.10,6.55,6.81,6333
MILLENNIUM,20140616,8.11,8.30,8.10,8.29,173575
MIRBUD,20140616,1.48,1.52,1.48,1.51,137774
MIT,20140616,0.38,0.39,0.37,0.39,260259
MNI,20140616,1.70,1.72,1.67,1.69,11711
MOBRUK,20140616,20.50,22.22,20.50,22.00,3704
MOJ,20140616,1.89,1.89,1.89,1.89,100
MOL,20140616,171.55,174.00,169.00,170.10,139
MONNARI,20140616,8.31,8.71,8.31,8.64,19451
MOSTALPLC,20140616,15.20,15.20,15.00,15.20,26
MOSTALWAR,20140616,5.63,5.63,5.31,5.55,11044
MOSTALZAB,20140616,1.93,1.94,1.92,1.94,120580
MUZA,20140616,3.35,3.58,3.35,3.58,20
MWTRADE,20140616,16.41,17.00,16.40,17.00,1316
NETIA,20140616,5.20,5.20,5.15,5.18,195650
NETMEDIA,20140616,3.16,3.42,3.16,3.42,32910
NEUCA,20140616,233.55,241.00,223.10,235.00,1772
NEWAG,20140616,19.98,19.98,19.50,19.75,2532
NEWWORLDR,20140616,1.47,1.47,1.41,1.45,8931
NFIEMF,20140616,12.40,12.41,12.40,12.41,193
NOKAUT,20140616,1.28,1.28,1.17,1.25,25288
NORTCOAST,20140616,0.40,0.40,0.40,0.40,1041
NOVITA,20140616,32.95,32.95,32.70,32.75,343
NOWAGALA,20140616,1.39,1.39,1.34,1.34,10020
NTTSYSTEM,20140616,0.62,0.62,0.62,0.62,1500
ODLEWNIE,20140616,2.32,2.39,2.32,2.39,5919
OPENFIN,20140616,9.55,9.60,9.35,9.35,5910
OPERA3GR,20140616,370.32,370.32,370.32,370.32,2
OPONEO.PL,20140616,13.39,13.39,13.39,13.39,20
ORANGEPL,20140616,10.39,10.40,10.26,10.30,1355757
ORBIS,20140616,42.70,42.95,41.80,42.70,7769
ORCOGROUP,20140616,2.26,2.26,2.18,2.26,23676
OTMUCHOW,20140616,9.31,9.32,9.20,9.20,10624
OVOSTAR,20140616,70.00,70.00,68.00,68.00,359
PAGED,20140616,38.95,38.95,37.76,38.60,6725
PANOVA,20140616,17.80,17.80,17.80,17.80,1
PATENTUS,20140616,1.52,1.52,1.52,1.52,10
PBG,20140616,2.08,2.10,2.04,2.10,6263
PBOANIOLA,20140616,0.78,0.79,0.78,0.79,1800
PBSFINANSE,20140616,4.10,4.19,4.10,4.17,655
PCCEXOL,20140616,3.86,4.02,3.74,3.91,3899
PCCINTER,20140616,1.57,1.68,1.57,1.60,15350
PCGUARD,20140616,1.24,1.25,1.22,1.23,203763
PCM,20140616,42.50,42.98,42.50,42.98,1600
PEIXIN,20140616,17.22,17.98,17.21,17.98,534
PEKAES,20140616,11.80,11.80,11.36,11.71,1341
PEKAO,20140616,181.75,183.40,178.00,182.95,258850
PELION,20140616,78.01,78.10,78.01,78.10,686
PEP,20140616,26.20,26.20,25.34,26.20,107
PEPEES,20140616,0.53,0.54,0.53,0.54,3950
PGE,20140616,21.55,21.58,21.16,21.45,1138088
PGNIG,20140616,5.09,5.13,5.04,5.13,1531287
PGODLEW,20140616,4.22,4.64,4.22,4.49,695
PHN,20140616,28.10,28.30,28.05,28.29,2594
PKNORLEN,20140616,40.83,40.83,40.30,40.51,482271
PKOBP,20140616,39.80,40.18,39.39,40.10,905864
PKOGS,20140616,99.00,99.00,98.85,98.86,2744
PKOSO,20140616,98.71,98.71,98.71,98.71,500
PKPCARGO,20140616,81.28,81.28,79.71,79.80,36805
PLASTBOX,20140616,2.41,2.41,2.33,2.33,4010
PLAZACNTR,20140616,0.59,0.59,0.57,0.59,183999
POLICE,20140616,24.71,24.71,24.02,24.50,3596
POLMED,20140616,2.29,2.29,2.29,2.29,10
POLNA,20140616,23.72,25.39,23.30,24.15,1183
POLNORD,20140616,9.10,9.15,9.00,9.12,37340
POZBUD,20140616,5.13,5.13,4.91,5.12,1583
PRAGMAFA,20140616,15.95,16.10,15.95,15.95,167
PRAGMAINK,20140616,17.61,17.85,17.61,17.85,300
PRESCO,20140616,4.64,4.64,4.45,4.62,422
PROCAD,20140616,1.17,1.17,1.16,1.16,32
PROCHEM,20140616,23.10,23.10,23.10,23.10,2
PROJPRZEM,20140616,7.85,8.00,7.85,8.00,320
PROTEKTOR,20140616,3.51,3.51,3.38,3.38,24154
PROVIDENT,20140616,32.50,32.50,32.50,32.50,1
PTI,20140616,17.40,17.40,17.40,17.40,2200
PULAWY,20140616,145.35,147.00,145.00,146.50,915
PWRMEDIA,20140616,1.46,1.46,1.46,1.46,880
PZU,20140616,454.00,454.85,447.30,450.50,347626
QUANTUM,20140616,4.19,4.19,4.19,4.19,424
QUERCUS,20140616,6.85,6.93,6.70,6.93,14709
QUMAK,20140616,13.20,13.50,13.00,13.11,2091
RADPOL,20140616,10.95,10.95,10.80,10.80,274
RAFAKO,20140616,4.54,4.54,4.39,4.42,116307
RAFAMET,20140616,14.85,14.85,14.85,14.85,90
RAINBOW,20140616,16.10,16.50,15.31,16.50,2179
RANKPROGR,20140616,5.55,5.55,5.49,5.51,11117
RAWLPLUG,20140616,10.80,10.80,10.48,10.61,3275
RCCOFAOPEN,20140616,3.56,3.56,3.56,3.56,290
RCGBSH11217,20140616,1009.68,1009.68,1009.68,1009.68,5
RCGLDAOPEN,20140616,393.93,393.93,391.57,392.35,114
RCLNAGOPEN,20140616,11.53,11.53,11.53,11.53,80
RCSCRAOPEN,20140616,127.98,127.98,127.98,127.98,37
RCSILAOPEN,20140616,60.41,60.53,60.31,60.31,1452
RCTVBAOPEN,20140616,39.48,39.48,39.48,39.48,100
RCWHTAOPEN,20140616,8.48,8.48,8.48,8.48,100
REDAN,20140616,1.96,1.99,1.94,1.97,33913
REDWOOD,20140616,0.74,0.74,0.72,0.74,2612
REINHOLD,20140616,0.59,0.59,0.55,0.59,2055
RELPOL,20140616,7.34,7.43,7.24,7.43,6267
RESBUD,20140616,7.80,7.80,7.54,7.70,2359
ROBYG,20140616,2.35,2.36,2.34,2.35,55144
RONSON,20140616,1.49,1.49,1.45,1.47,4270
ROPCZYCE,20140616,25.32,26.45,25.31,26.40,2806
ROVESE,20140616,1.39,1.40,1.37,1.39,250708
SANOK,20140616,41.52,41.52,40.70,40.70,1468
SCOPAK,20140616,0.95,1.02,0.95,1.00,53658
SECOGROUP,20140616,24.00,26.70,24.00,26.70,1646
SEKO,20140616,8.00,8.00,8.00,8.00,100
SELENAFM,20140616,21.55,21.55,20.62,21.55,15
SERINUS,20140616,8.21,8.21,7.88,8.12,92959
SFINKS,20140616,1.68,1.68,1.64,1.65,46155
SILVANO,20140616,7.96,8.00,7.80,8.00,30370
SIMPLE,20140616,9.03,9.05,9.02,9.05,650
SKOK,20140616,2.37,2.37,2.37,2.37,75
SKOTAN,20140616,1.70,1.70,1.66,1.68,106195
SKYLINE,20140616,1.18,1.18,0.97,1.08,8709
SMT,20140616,19.00,19.35,19.00,19.35,53
SNIEZKA,20140616,37.85,38.44,37.00,37.56,2965
SOBIESKI,20140616,36.55,36.55,36.10,36.10,325
SOLAR,20140616,2.70,2.80,2.70,2.80,1005
SONEL,20140616,7.70,7.70,7.70,7.70,25
STALEXP,20140616,2.60,2.60,2.54,2.56,293806
STALPROD,20140616,210.00,212.90,210.00,212.90,156
STALPROFI,20140616,16.50,16.50,16.40,16.50,861
STAPORKOW,20140616,17.50,17.51,17.25,17.50,6255
SUWARY,20140616,12.85,12.85,12.85,12.85,5
SWISSMED,20140616,0.47,0.48,0.47,0.48,15732
SYGNITY,20140616,16.27,16.57,16.10,16.57,5334
SYNTHOS,20140616,4.53,4.53,4.48,4.48,810866
TALEX,20140616,16.39,16.40,16.39,16.40,101
TARCZYNSKI,20140616,11.40,11.40,11.26,11.30,3832
TAURONPE,20140616,5.29,5.33,5.25,5.33,683822
TELL,20140616,10.60,11.05,10.60,11.05,640
TERESA,20140616,16.98,16.98,16.98,16.98,1
TESGAS,20140616,4.82,4.85,4.82,4.84,8556
TFONE,20140616,5.15,5.20,5.05,5.20,26335
TIM,20140616,6.39,6.39,6.39,6.39,1
TRAKCJA,20140616,1.08,1.08,1.06,1.07,1698919
TRANSPOL,20140616,5.81,5.81,5.28,5.66,1393
TRAVELPL,20140616,4.22,4.38,4.22,4.38,1068
TRITON,20140616,0.73,0.78,0.66,0.77,108145
TVN,20140616,16.00,16.11,15.98,16.00,55070
ULMA,20140616,72.40,72.50,69.06,72.50,70
UNIBEP,20140616,7.23,7.32,7.23,7.32,200
UNICREDIT,20140616,27.50,28.12,27.45,28.12,1800
UNIMA,20140616,2.73,2.74,2.73,2.73,1400
URSUS,20140616,2.37,2.37,2.30,2.30,63573
VANTAGE,20140616,3.20,3.20,3.14,3.15,48879
VARIANT,20140616,2.14,2.18,2.14,2.18,1279
VINDEXUS,20140616,5.80,5.91,5.80,5.90,20253
VISTAL,20140616,15.35,15.45,15.13,15.45,1890
VISTULA,20140616,1.69,1.70,1.65,1.69,109955
VOTUM,20140616,7.40,7.40,7.15,7.40,322
VOXEL,20140616,11.25,11.25,11.10,11.15,734
WADEX,20140616,7.80,7.80,7.80,7.80,11
WANDALEX,20140616,3.23,3.25,3.10,3.23,1188
WARIMPEX,20140616,5.98,5.98,5.85,5.85,1076
WASKO,20140616,2.06,2.10,2.06,2.09,7487
WAWEL,20140616,1052.00,1052.00,999.00,1018.00,1720
WIELTON,20140616,5.31,5.39,5.21,5.39,11352
WILBO,20140616,0.74,0.80,0.74,0.80,1057
WINVEST,20140616,8.57,8.57,8.28,8.57,80
WOJAS,20140616,8.56,8.56,8.35,8.50,4671
WORKSERV,20140616,14.45,14.80,14.19,14.80,6873
YAWAL,20140616,6.50,6.50,6.33,6.50,25315
ZAMET,20140616,4.41,4.53,4.40,4.52,7701
ZASTAL,20140616,1.52,1.54,1.51,1.53,52445
ZEPAK,20140616,25.30,26.20,25.30,26.20,20033
ZETKAMA,20140616,72.10,74.00,70.20,74.00,800
ZPUE,20140616,358.95,360.00,358.95,360.00,8
ZUE,20140616,8.92,9.10,8.49,9.10,1949
INVESTORMS,20140616,3415.70,3440.67,3415.70,3440.67,88740.629
MIS80,20140616,12920.97,12976.58,12920.97,12976.58,15962.326
MWIG40,20140616,3450.89,3488.21,3448.24,3487.73,77387.314
NCINDEX30,20140616,1300.77,1304.35,1270.99,1282.65,784.349
RESPECT,20140616,2721.30,2737.66,2706.86,2735.38,343943.853
WIG,20140616,52340.11,52636.05,52197.93,52618.29,544545.913
WIG-BANKI,20140616,8406.53,8430.16,8406.53,8430.16,136937.952
WIG-BUDOW,20140616,2112.04,2125.60,2109.46,2125.60,4933.492
WIG-CEE,20140616,721.09,721.09,721.09,721.09,8407.998
WIG-CHEMIA,20140616,12074.10,12343.41,12074.10,12343.41,15138.073
WIG-DEWEL,20140616,1517.37,1525.08,1517.37,1525.08,4402.352
WIG-ENERG,20140616,4329.61,4361.87,4329.61,4361.87,52185.441
WIG-INFO,20140616,1237.63,1262.36,1237.63,1262.36,5367.433
WIG-MEDIA,20140616,3750.87,3750.87,3746.08,3746.08,8243.748
WIG-PALIWA,20140616,3229.09,3247.07,3229.09,3247.07,29584.908
WIG-POLAND,20140616,53628.36,53882.45,53628.36,53882.45,534952.392
WIG-SPOZYW,20140616,2726.20,2748.43,2726.20,2748.43,10792.142
WIG-SUROWC,20140616,4029.82,4063.22,4029.82,4063.22,61994.647
WIG-TELKOM,20140616,1051.05,1051.05,1047.05,1048.50,16832.696
WIG-UKRAIN,20140616,358.94,362.05,357.86,362.05,7668.212
WIG20,20140616,2435.63,2450.26,2425.86,2447.01,438300.432
WIG20LEV,20140616,922.07,933.32,914.56,930.82,438300.432
WIG20SHORT,20140616,3174.41,3186.77,3155.90,3160.01,438300.432
WIG20TR,20140616,3770.14,3785.60,3770.14,3785.60,438300.432
WIG250,20140616,1254.29,1254.89,1247.15,1252.99,20679.892
WIG30,20140616,2600.76,2619.23,2592.22,2615.93,466467.308
WIG30LEV,20140616,1059.49,1074.74,1052.43,1072.01,466467.308
WIG30SHORT,20140616,4936.26,4952.04,4902.12,4908.22,466467.308
WIG30TR,20140616,3994.27,4013.08,3994.27,4013.08,466467.308
WIG50,20140616,3122.28,3141.48,3118.21,3141.48,55743.166
WIGDIV,20140616,1151.67,1156.35,1146.46,1156.15,338903.138
