08OCTAVA,20140618,0.76,0.79,0.76,0.76,102
4FUNMEDIA,20140618,11.38,11.38,10.75,10.85,5078
ABCDATA,20140618,4.05,4.09,4.02,4.06,114523
ABPL,20140618,27.60,28.39,27.60,28.39,12798
ACAUTOGAZ,20140618,37.60,37.70,37.60,37.60,128
ACE,20140618,11.60,11.60,11.22,11.50,7805
ACTION,20140618,45.96,45.96,44.90,45.20,23944
AGORA,20140618,9.49,9.49,9.30,9.49,16034
AGROTON,20140618,2.70,2.79,2.70,2.76,28240
ALCHEMIA,20140618,5.08,5.10,4.95,4.99,52289
ALIOR,20140618,82.47,83.09,82.25,82.70,138933
ALMA,20140618,24.24,24.24,23.55,23.81,277
ALTA,20140618,3.50,3.50,3.50,3.50,24
AMBRA,20140618,8.26,8.32,8.26,8.30,327
AMICA,20140618,104.50,105.00,104.20,105.00,1402
AMREST,20140618,87.74,87.75,86.02,87.69,2187
APATOR,20140618,36.00,36.51,35.99,36.50,3383
APLISENS,20140618,13.28,13.28,13.24,13.24,29
ARCTIC,20140618,2.56,2.60,2.52,2.60,77126
ARCUS,20140618,2.45,2.45,2.37,2.37,809
ARK2FRN15,20140618,60.00,60.33,60.00,60.33,1016
ARKAFRN12,20140618,51.39,54.49,51.39,54.49,2936
ARKASWE17,20140618,87.99,87.99,87.99,87.99,2
ARTERIA,20140618,18.50,18.50,18.50,18.50,5
ASBIS,20140618,3.79,3.87,3.79,3.83,14668
ASSECOBS,20140618,11.45,11.45,11.10,11.10,261
ASSECOPOL,20140618,42.27,42.40,41.95,42.10,83956
ASSECOSEE,20140618,7.84,7.84,7.84,7.84,65
ASSECOSLO,20140618,16.00,16.00,15.95,15.95,310
ASTARTA,20140618,45.50,45.99,43.53,45.99,653
ATENDE,20140618,3.66,3.69,3.63,3.63,19356
ATLANTAPL,20140618,7.10,7.10,7.10,7.10,200
ATLANTIS,20140618,1.15,1.15,1.11,1.14,10411
ATM,20140618,12.00,12.40,11.82,12.40,950
ATMGRUPA,20140618,3.35,3.39,3.31,3.33,50329
ATREM,20140618,5.77,5.80,5.77,5.80,945
AVIAAML,20140618,6.99,6.99,6.99,6.99,56
AVIASG,20140618,34.73,34.73,33.60,34.00,225
AWBUD,20140618,0.43,0.43,0.43,0.43,44338
BAKALLAND,20140618,2.24,2.34,2.24,2.34,17700
BALTONA,20140618,4.79,4.79,4.79,4.79,712
BANKBPH,20140618,48.12,48.12,47.30,47.89,186
BBIDEV,20140618,1.49,1.50,1.49,1.50,2499
BENEFIT,20140618,283.85,283.85,267.25,280.00,775
BETACOM,20140618,13.65,13.65,13.32,13.55,1598
BGZ,20140618,69.60,70.00,69.60,69.75,480
BIOTON,20140618,5.64,5.70,5.60,5.65,273909
BIPROMET,20140618,4.45,4.50,4.40,4.40,1125
BLACKLION,20140618,1.20,1.28,1.20,1.25,134418
BMPAG,20140618,3.41,3.41,3.41,3.41,151
BNPPL,20140618,57.28,58.74,56.00,58.50,5318
BOGDANKA,20140618,120.00,120.50,118.90,119.20,23144
BORYSZEW,20140618,5.34,5.37,5.30,5.34,287938
BOS,20140618,47.98,47.98,47.93,47.93,567
BOWIM,20140618,2.39,2.39,2.39,2.39,50
BPHFIZSN,20140618,53.00,53.00,53.00,53.00,150
BSCDRUK,20140618,26.28,26.28,25.43,26.20,1315
BUDIMEX,20140618,126.40,126.40,125.50,126.00,33208
BUMECH,20140618,2.52,2.62,2.45,2.57,19766
BUWOG,20140618,57.90,58.00,57.53,58.00,518
BYTOM,20140618,1.25,1.29,1.22,1.28,1193766
BZWBK,20140618,377.85,377.85,370.05,370.50,138384
CALATRAVA,20140618,2.30,2.35,2.22,2.22,182625
CAMMEDIA,20140618,1.72,1.72,1.72,1.72,4400
CAPITAL,20140618,1.89,1.91,1.89,1.89,4114
CASHFLOW,20140618,0.76,0.76,0.76,0.76,11859
CCC,20140618,116.00,116.40,114.50,114.50,37205
CDPROJEKT,20140618,16.46,16.70,16.37,16.70,38768
CELTIC,20140618,4.19,4.44,4.19,4.44,6101
CEZ,20140618,91.20,91.38,91.00,91.38,5091
CIECH,20140618,33.03,33.39,32.95,33.35,15715
CIGAMES,20140618,10.14,10.29,9.92,10.05,38201
CNT,20140618,5.70,5.70,5.35,5.61,670
COALENERG,20140618,1.34,1.35,1.31,1.33,26538
COGNOR,20140618,1.91,1.91,1.87,1.90,6259
COLIAN,20140618,3.25,3.28,3.25,3.25,12883
COMARCH,20140618,86.99,87.00,86.99,87.00,55
COMP,20140618,57.00,59.40,57.00,59.00,1643
COMPERIA,20140618,19.25,20.20,19.16,19.70,3096
CORMAY,20140618,7.01,7.05,6.91,6.95,20843
CPGROUP,20140618,4.90,4.90,4.74,4.79,6939
CUBEITG,20140618,0.51,0.51,0.51,0.51,7777
CYFRPLSAT,20140618,22.00,22.29,22.00,22.20,306623
DBOESX1016,20140618,66.75,66.75,66.74,66.74,200
DBSTXE0717,20140618,108.54,108.54,108.54,108.54,986
DBSTXE0917,20140618,107.33,107.33,107.33,107.33,365
DEBICA,20140618,89.00,89.00,88.51,88.65,307
DECORA,20140618,7.57,8.30,7.57,8.30,100529
DELKO,20140618,6.01,6.03,6.01,6.03,933
DGA,20140618,0.85,0.85,0.85,0.85,1637
DMWDM,20140618,1.51,1.51,1.43,1.51,11426
DOMDEV,20140618,47.70,47.70,46.06,46.09,561
DRAGOWSKI,20140618,0.48,0.49,0.48,0.48,8747
DREWEX,20140618,0.45,0.45,0.43,0.44,48411
DROP,20140618,3.06,3.19,3.04,3.04,5960
DROZAPOL,20140618,0.76,0.76,0.76,0.76,34
DSS,20140618,1.08,1.08,1.08,1.08,1170
DTP,20140618,6.00,6.00,6.00,6.00,11
DUON,20140618,1.50,1.52,1.50,1.50,126246
ECHO,20140618,6.89,6.94,6.84,6.90,275244
EFEKT,20140618,11.55,11.55,11.35,11.35,149
EFH,20140618,0.40,0.42,0.39,0.40,426224
EKANCELAR,20140618,0.94,0.94,0.93,0.93,1598
EKOEXPORT,20140618,34.85,35.49,34.57,34.80,10055
ELBUDOWA,20140618,84.01,84.20,82.00,82.04,1290
ELEKTROTI,20140618,9.41,9.42,9.40,9.42,693
ELEMENTAL,20140618,2.40,2.48,2.40,2.48,60021
ELKOP,20140618,1.26,1.27,1.24,1.26,4707
ELZAB,20140618,11.65,11.87,11.56,11.87,7574
EMCINSMED,20140618,16.19,16.19,16.19,16.19,1
EMPERIA,20140618,60.00,60.06,59.34,60.00,1632
ENAP,20140618,1.00,1.04,1.00,1.04,7029
ENEA,20140618,16.19,16.40,16.16,16.37,419383
ENELMED,20140618,10.60,10.60,10.31,10.41,896
ENERGA,20140618,20.59,20.73,20.36,20.59,3024248
ENERGOINS,20140618,15.00,15.62,14.96,15.00,6424
ERBUD,20140618,26.70,26.70,25.36,25.41,4141
ERGIS,20140618,4.24,4.30,4.20,4.28,59616
ESSYSTEM,20140618,2.85,2.85,2.85,2.85,116
ETFDAX,20140618,400.00,400.00,399.36,399.36,38
ETFSP500,20140618,61.00,61.00,60.70,60.88,120
ETFW20L,20140618,272.00,273.56,272.00,273.51,799
EUCO,20140618,21.52,21.75,20.71,20.78,2206
EUROCASH,20140618,42.93,42.95,42.15,42.89,339249
EUROTEL,20140618,12.37,12.37,12.37,12.37,97
FAMUR,20140618,4.85,4.86,4.77,4.80,23271
FARMACOL,20140618,52.61,52.61,52.15,52.15,696
FASING,20140618,19.80,19.81,19.80,19.80,1734
FEERUM,20140618,23.39,23.39,21.98,23.30,1006
FERRO,20140618,11.80,11.80,11.52,11.65,3730
FON,20140618,1.14,1.14,1.10,1.13,4197
FORTE,20140618,47.92,48.50,47.63,48.05,6972
FOTA,20140618,1.31,1.31,1.24,1.29,30487
GANT,20140618,0.44,0.45,0.41,0.41,723579
GETIN,20140618,3.23,3.28,3.18,3.19,157909
GETINOBLE,20140618,3.18,3.24,3.15,3.24,1228602
GINOROSSI,20140618,3.00,3.01,2.99,3.00,176320
GLCOSMED,20140618,2.19,2.19,2.19,2.19,10
GLOBALNRG,20140618,0.36,0.38,0.35,0.37,668155
GLOBCITYHD,20140618,34.03,34.78,34.03,34.72,275
GNFIBA1014,20140618,97.00,97.00,97.00,97.00,246
GORENJE,20140618,21.70,21.70,21.65,21.69,502
GPW,20140618,38.98,38.98,38.76,38.84,9073
GRAAL,20140618,16.87,17.09,16.87,17.00,1767
GRAJEWO,20140618,26.00,27.59,26.00,26.49,14737
GREENECO,20140618,0.40,0.42,0.40,0.42,2001
GROCLIN,20140618,23.45,23.98,23.45,23.75,3113
GRUPAAZOTY,20140618,77.25,77.50,76.31,76.90,48822
GTC,20140618,8.16,8.24,8.15,8.24,222422
HANDLOWY,20140618,122.30,122.40,118.50,118.50,61499
HARPER,20140618,3.80,3.80,3.79,3.80,771
HAWE,20140618,3.13,3.14,3.10,3.12,146018
HELIO,20140618,7.00,7.00,7.00,7.00,282
HERKULES,20140618,2.43,2.50,2.43,2.45,17596
HUTMEN,20140618,4.33,4.33,4.23,4.31,556
HYDROTOR,20140618,33.10,33.49,33.00,33.49,202
HYGIENIKA,20140618,2.57,2.57,2.46,2.48,29247
HYPERION,20140618,3.00,3.00,2.75,2.75,6798
IDEATFI,20140618,0.81,0.82,0.80,0.80,35000
IFCAPITAL,20140618,1.21,1.25,1.21,1.25,328
IIAAV,20140618,11.05,11.10,11.03,11.03,19920
IMCOMPANY,20140618,10.00,10.18,10.00,10.06,1401
IMMOBILE,20140618,1.93,1.93,1.88,1.90,8466
IMPEL,20140618,30.00,30.40,29.20,29.95,4308
IMPEXMET,20140618,2.59,2.63,2.56,2.57,267812
INC,20140618,0.70,0.71,0.69,0.71,13020
INDYGO,20140618,1.36,1.40,1.36,1.38,104107
INDYKPOL,20140618,36.40,36.40,35.55,36.36,27
INGBSK,20140618,131.55,133.05,129.80,130.50,4109
INPRO,20140618,5.40,5.40,5.24,5.24,3151
INSTALKRK,20140618,18.33,18.50,18.25,18.45,3615
INTEGERPL,20140618,244.65,244.65,240.60,240.60,1390
INTERAOLT,20140618,15.06,15.50,15.04,15.04,3658
INTERBUD,20140618,1.17,1.21,1.14,1.21,2072
INTERCARS,20140618,184.60,185.95,184.10,185.95,825
INTERSPPL,20140618,1.71,1.71,1.71,1.71,16
INTROL,20140618,8.19,8.19,8.15,8.15,133
INVGLDFIZ,20140618,1655.00,1655.00,1655.00,1655.00,1
INVPEFIZ,20140618,903.00,903.00,902.00,902.00,15
IPERMFIZ,20140618,71.45,73.90,71.45,73.90,120
IPOPEMA,20140618,5.59,5.59,5.58,5.58,77
IQP,20140618,1.21,1.21,1.18,1.20,9979
IVMX,20140618,3.75,3.75,3.75,3.75,1
IZOLACJA,20140618,0.70,0.70,0.70,0.70,2
IZOSTAL,20140618,5.90,6.05,5.90,6.01,10429
JHMDEV,20140618,0.51,0.51,0.50,0.50,52879
JJAUTO,20140618,30.00,30.58,28.30,29.00,2333
JSW,20140618,45.90,47.20,45.90,47.02,131244
JUPITER,20140618,0.45,0.45,0.45,0.45,1613
JWCONSTR,20140618,3.34,3.45,3.34,3.37,8932
K2INTERNT,20140618,11.34,11.55,11.34,11.55,462
KANIA,20140618,2.66,2.69,2.63,2.64,19845
KBDOM,20140618,4.12,4.36,4.12,4.36,824
KERNEL,20140618,33.30,33.30,32.65,33.03,55225
KETY,20140618,212.30,217.05,212.30,214.55,5367
KGHM,20140618,122.75,125.60,122.55,125.60,1190222
KINOPOL,20140618,16.81,16.81,16.81,16.81,50
KOFOLA,20140618,35.15,35.15,35.15,35.15,1
KOMPAP,20140618,7.45,8.19,7.45,8.19,24
KOMPUTRON,20140618,9.23,9.35,9.13,9.23,21451
KONSSTALI,20140618,24.96,24.96,24.96,24.96,2
KOPEX,20140618,12.54,12.60,12.45,12.54,9631
KRAKCHEM,20140618,5.89,5.89,5.77,5.86,1276
KREC,20140618,7.39,7.39,7.07,7.07,1720
KREDYTIN,20140618,19.69,19.77,19.69,19.69,4219
KREZUS,20140618,6.32,6.43,6.11,6.11,26960
KRKA,20140618,300.00,300.00,300.00,300.00,29
KRUK,20140618,96.10,96.10,95.45,95.45,3426
KRUSZWICA,20140618,60.00,60.05,58.50,60.05,656
LCCORP,20140618,2.21,2.21,2.18,2.19,129496
LENA,20140618,4.30,4.38,4.29,4.35,5100
LENTEX,20140618,7.93,7.94,7.86,7.89,25850
LIBET,20140618,3.16,3.18,3.13,3.18,1960
LIVECHAT,20140618,18.19,18.25,18.19,18.20,447
LOTOS,20140618,38.21,38.49,38.08,38.44,57970
LPP,20140618,8380.00,8380.00,8120.00,8120.00,306
LSISOFT,20140618,6.47,7.03,6.25,7.03,115667
LUBAWA,20140618,1.17,1.18,1.16,1.18,46729
MABION,20140618,50.40,51.40,49.56,51.00,2361
MAGELLAN,20140618,70.87,71.01,70.00,70.13,1532
MAKARONPL,20140618,4.40,4.40,4.40,4.40,2
MARVIPOL,20140618,7.01,7.04,6.81,6.82,7032
MBANK,20140618,510.00,518.80,507.40,508.00,27318
MCI,20140618,9.90,9.96,9.69,9.81,23591
MCLOGIC,20140618,39.40,39.50,39.35,39.35,56
MEDIATEL,20140618,0.74,0.77,0.74,0.75,15355
MEDICALG,20140618,261.00,267.80,258.90,267.80,3759
MENNICA,20140618,14.05,14.08,13.99,14.00,14523
MERCATOR,20140618,12.98,12.98,12.46,12.90,423
MERCOR,20140618,18.77,18.87,18.50,18.50,41735
MEXPOLSKA,20140618,1.97,2.09,1.85,2.09,59889
MFO,20140618,11.27,11.27,11.27,11.27,33
MIDAS,20140618,0.55,0.56,0.55,0.56,330407
MIESZKO,20140618,3.57,3.57,3.56,3.56,450
MILKILAND,20140618,6.60,6.81,6.54,6.81,325
MILLENNIUM,20140618,8.49,8.51,8.32,8.32,201271
MIRBUD,20140618,1.54,1.58,1.54,1.58,336643
MIT,20140618,0.41,0.42,0.39,0.40,786100
MLPGROUP,20140618,26.30,26.30,26.30,26.30,10
MNI,20140618,1.66,1.70,1.66,1.69,20100
MOBRUK,20140618,23.00,24.70,22.00,24.70,821
MONNARI,20140618,8.65,8.76,8.62,8.72,21774
MOSTALPLC,20140618,15.20,15.20,14.84,14.84,74
MOSTALWAR,20140618,5.55,5.55,5.41,5.47,6452
MOSTALZAB,20140618,1.93,1.93,1.90,1.92,52308
MWTRADE,20140618,17.09,17.09,17.09,17.09,75
NETIA,20140618,5.15,5.19,5.07,5.19,1484912
NETMEDIA,20140618,3.49,3.49,3.40,3.48,31687
NEUCA,20140618,237.70,237.70,230.00,235.00,686
NEWAG,20140618,19.50,19.79,19.50,19.75,8444
NEWWORLDR,20140618,1.46,1.46,1.44,1.46,2012
NFIEMF,20140618,12.90,12.90,12.61,12.61,863
NOKAUT,20140618,1.20,1.21,1.20,1.21,10712
NORTCOAST,20140618,0.38,0.42,0.38,0.42,176335
NOVITA,20140618,32.00,32.00,31.90,32.00,5078
NTTSYSTEM,20140618,0.63,0.63,0.63,0.63,10886
OPENFIN,20140618,9.80,10.39,9.80,9.90,37946
OPONEO.PL,20140618,13.30,13.30,13.30,13.30,30
ORANGEPL,20140618,10.34,10.37,10.24,10.29,5357399
ORBIS,20140618,42.24,43.19,42.17,43.11,820
ORCOGROUP,20140618,2.37,2.37,2.28,2.30,12110
OTLOG,20140618,201.00,206.00,201.00,206.00,4
OTMUCHOW,20140618,9.28,9.33,9.28,9.28,1793
OVOSTAR,20140618,72.00,72.00,72.00,72.00,1000
PAGED,20140618,38.53,39.50,38.50,38.91,5159
PANOVA,20140618,17.30,17.30,17.30,17.30,108
PATENTUS,20140618,1.45,1.51,1.45,1.51,2012
PBG,20140618,2.09,2.09,2.02,2.03,16254
PBOANIOLA,20140618,0.77,0.77,0.72,0.72,575
PBSFINANSE,20140618,4.17,4.17,4.16,4.17,750
PCCEXOL,20140618,3.91,3.91,3.91,3.91,40
PCCINTER,20140618,1.55,1.56,1.55,1.56,15720
PCGUARD,20140618,1.09,1.11,1.05,1.08,881516
PCM,20140618,43.00,43.50,43.00,43.00,108636
PEKAES,20140618,12.20,12.65,12.20,12.65,8159
PEKAO,20140618,182.10,182.25,179.20,180.00,419012
PELION,20140618,78.30,79.85,78.30,79.85,1332
PEP,20140618,26.20,26.20,26.20,26.20,2
PEPEES,20140618,0.55,0.56,0.54,0.56,28226
PGE,20140618,22.20,22.85,22.06,22.11,3331675
PGNIG,20140618,5.19,5.19,5.08,5.11,3080239
PGODLEW,20140618,4.64,4.64,4.46,4.64,1005
PHN,20140618,28.49,28.49,28.15,28.21,19353
PKNORLEN,20140618,41.28,41.75,41.22,41.60,593603
PKOBP,20140618,40.10,40.18,39.53,39.60,4936468
PKOGS,20140618,98.86,98.86,98.00,98.00,590
PKPCARGO,20140618,79.80,79.80,78.01,79.35,252180
PLASTBOX,20140618,2.39,2.46,2.30,2.45,9322
PLAZACNTR,20140618,0.58,0.59,0.57,0.57,87411
POLICE,20140618,23.40,24.50,23.40,23.55,5631
POLMED,20140618,2.29,2.29,2.25,2.25,36
POLNA,20140618,24.30,24.98,24.30,24.98,272
POLNORD,20140618,9.15,9.25,9.05,9.20,105670
POZBUD,20140618,5.28,5.28,5.27,5.28,2380
PRAGMAFA,20140618,15.66,15.66,15.65,15.65,23
PRAGMAINK,20140618,17.68,18.01,17.60,18.00,2984
PRESCO,20140618,4.62,4.62,4.45,4.61,110
PRIMAMODA,20140618,1.58,1.69,1.58,1.69,7000
PROCAD,20140618,1.13,1.17,1.12,1.16,790
PROCHEM,20140618,23.67,23.99,23.50,23.50,585
PROJPRZEM,20140618,7.99,8.00,7.99,8.00,375
PROTEKTOR,20140618,3.46,3.68,3.46,3.54,54916
PROVIDENT,20140618,30.50,30.50,30.50,30.50,20
PTI,20140618,17.37,17.37,17.37,17.37,2326
PULAWY,20140618,147.85,148.75,147.20,147.20,218
PZU,20140618,453.55,455.85,453.00,454.00,185864
QUERCUS,20140618,6.71,6.86,6.52,6.79,50038
QUMAK,20140618,13.58,13.58,13.46,13.46,1332
RADPOL,20140618,10.79,10.79,10.39,10.50,6634
RAFAKO,20140618,4.42,4.47,4.39,4.39,53237
RAINBOW,20140618,16.15,16.40,16.10,16.40,2820
RANKPROGR,20140618,5.51,5.68,5.46,5.68,22057
RAWLPLUG,20140618,10.93,10.93,10.90,10.90,2001
RCDACAOPEN,20140618,42.09,42.09,42.09,42.09,41
RCDGRAOPEN,20140618,14.88,14.88,14.88,14.88,225
RCKGH11214,20140618,1049.50,1052.70,1049.50,1052.70,150
RCNIKAOPEN,20140618,44.03,44.03,44.03,44.03,60
RCSDAXOPEN,20140618,144.46,144.46,144.46,144.46,4
RCSUGAOPEN,20140618,4.76,4.76,4.76,4.76,1000
REDAN,20140618,1.97,1.97,1.90,1.90,63488
REDWOOD,20140618,0.73,0.73,0.71,0.73,10310
REINHOLD,20140618,0.58,0.62,0.58,0.62,63538
RELPOL,20140618,7.23,7.39,7.23,7.39,5
REMAK,20140618,9.00,9.00,9.00,9.00,66
RESBUD,20140618,7.60,7.71,7.40,7.50,2808
ROBYG,20140618,2.34,2.36,2.32,2.33,16590
RONSON,20140618,1.47,1.48,1.47,1.48,5455
ROPCZYCE,20140618,25.90,26.00,25.90,25.90,345
ROVESE,20140618,1.44,1.45,1.41,1.42,149968
SANOK,20140618,40.98,41.68,40.83,41.20,88
SCOPAK,20140618,0.87,0.88,0.79,0.79,21460
SECOGROUP,20140618,28.00,28.92,27.40,27.60,3431
SEKO,20140618,8.15,8.26,8.10,8.10,277
SELENAFM,20140618,20.70,21.75,20.70,21.75,1307
SERINUS,20140618,8.24,8.37,8.20,8.36,55849
SFINKS,20140618,1.66,1.66,1.60,1.64,45984
SILVANO,20140618,8.00,8.00,8.00,8.00,39000
SIMPLE,20140618,9.60,9.60,9.51,9.51,475
SKOK,20140618,2.37,2.37,2.37,2.37,49
SKOTAN,20140618,1.74,1.75,1.68,1.71,20957
SKYLINE,20140618,1.14,1.14,1.09,1.14,23
SMT,20140618,19.60,19.60,18.50,18.55,3128
SNIEZKA,20140618,37.00,37.00,35.00,35.81,9122
SOBIESKI,20140618,37.48,37.48,37.39,37.39,17
SOLAR,20140618,2.84,2.84,2.71,2.81,3043
SONEL,20140618,7.65,7.90,7.65,7.90,1430
SRNFIZ,20140618,620.00,620.00,620.00,620.00,8
STALEXP,20140618,2.65,2.65,2.61,2.65,61763
STALPROD,20140618,212.95,212.95,204.00,209.00,418
STALPROFI,20140618,16.60,16.80,16.50,16.80,4145
STAPORKOW,20140618,17.50,18.00,17.10,17.89,2029
SWISSMED,20140618,0.47,0.48,0.47,0.48,25000
SYGNITY,20140618,16.31,16.37,16.28,16.36,679
SYNTHOS,20140618,4.52,4.56,4.49,4.54,1302501
TALANX,20140618,108.00,108.00,108.00,108.00,10
TALEX,20140618,16.35,16.35,15.95,15.95,588
TARCZYNSKI,20140618,11.30,11.35,10.81,11.20,2899
TATRY,20140618,84.00,84.00,84.00,84.00,14
TAURONPE,20140618,5.40,5.59,5.40,5.59,3213849
TELL,20140618,10.57,10.89,10.57,10.89,1050
TESGAS,20140618,4.85,4.85,4.85,4.85,3015
TFONE,20140618,5.34,5.39,5.12,5.20,19496
TIM,20140618,6.93,6.93,6.93,6.93,5
TOYA,20140618,5.00,5.00,5.00,5.00,100
TRAKCJA,20140618,1.09,1.11,1.08,1.09,4439053
TRANSPOL,20140618,5.30,5.50,5.30,5.50,1101
TRITON,20140618,0.75,0.75,0.75,0.75,10
TVN,20140618,15.81,16.03,15.51,15.51,305009
UNIBEP,20140618,7.55,7.71,7.51,7.65,20298
UNICREDIT,20140618,27.96,27.96,27.47,27.84,117041
UNIMA,20140618,2.73,2.75,2.60,2.75,9310
URSUS,20140618,2.34,2.34,2.32,2.32,4658
VANTAGE,20140618,3.19,3.19,3.09,3.10,7673
VARIANT,20140618,2.18,2.18,2.18,2.18,70
VINDEXUS,20140618,5.70,5.79,5.60,5.76,8517
VISTAL,20140618,15.50,15.50,15.35,15.50,3159
VISTULA,20140618,1.78,1.78,1.75,1.76,246655
VOTUM,20140618,7.30,7.40,7.30,7.40,1114
VOXEL,20140618,11.11,11.11,11.08,11.08,286
WADEX,20140618,7.90,8.56,7.90,8.35,103
WANDALEX,20140618,3.40,3.59,3.33,3.35,19914
WARIMPEX,20140618,5.66,5.95,5.66,5.95,152
WASKO,20140618,2.05,2.08,2.04,2.06,10081
WAWEL,20140618,997.35,1017.60,997.00,1014.70,2098
WESTAISIC,20140618,0.46,0.48,0.45,0.47,17019
WIELTON,20140618,5.39,5.59,5.39,5.52,21081
WILBO,20140618,0.72,0.79,0.72,0.79,1415
WINVEST,20140618,8.60,8.70,8.60,8.70,537
WOJAS,20140618,8.30,8.55,8.30,8.55,5914
WORKSERV,20140618,14.99,14.99,14.70,14.70,2946
ZAMET,20140618,4.54,4.54,4.44,4.50,1382
ZASTAL,20140618,1.53,1.54,1.51,1.53,34356
ZEPAK,20140618,25.91,26.70,25.91,26.60,21142
ZETKAMA,20140618,73.90,74.00,73.49,74.00,656
ZPUE,20140618,360.00,360.00,360.00,360.00,3
ZUE,20140618,9.00,9.00,9.00,9.00,2
INVESTORMS,20140618,3453.79,3453.79,3452.29,3452.29,119907.386
MIS80,20140618,13037.27,13037.27,12987.23,12987.23,13628.761
MWIG40,20140618,3509.33,3515.38,3500.51,3504.64,153029.777
NCINDEX30,20140618,1283.76,1286.32,1265.25,1273.70,441.974
RESPECT,20140618,2778.77,2789.43,2775.42,2777.74,507192.191
WIG,20140618,53043.01,53127.28,52903.18,52937.45,996336.400
WIG-BANKI,20140618,8400.38,8400.38,8368.60,8368.60,366085.800
WIG-BUDOW,20140618,2134.29,2134.29,2122.57,2122.57,10321.875
WIG-CEE,20140618,722.92,722.92,722.92,722.92,2918.974
WIG-CHEMIA,20140618,12460.04,12460.04,12423.24,12453.08,10315.659
WIG-DEWEL,20140618,1552.35,1552.35,1549.91,1550.58,6176.268
WIG-ENERG,20140618,4516.04,4518.61,4478.13,4478.13,162984.831
WIG-INFO,20140618,1271.19,1276.33,1271.19,1276.33,7592.486
WIG-MEDIA,20140618,3749.22,3749.22,3721.57,3721.57,12577.610
WIG-PALIWA,20140618,3289.71,3297.73,3289.71,3293.39,43294.619
WIG-POLAND,20140618,54342.70,54349.53,54228.23,54228.23,989240.070
WIG-SPOZYW,20140618,2726.33,2753.34,2726.33,2753.34,4350.291
WIG-SUROWC,20140618,4166.42,4191.36,4166.42,4191.36,157466.582
WIG-TELKOM,20140618,1046.31,1048.28,1046.31,1048.28,63477.943
WIG-UKRAIN,20140618,359.91,366.67,359.91,366.67,2057.710
WIG20,20140618,2469.79,2474.16,2461.51,2462.36,809523.760
WIG20LEV,20140618,948.05,951.40,941.70,942.36,809523.760
WIG20SHORT,20140618,3131.60,3142.15,3126.04,3141.07,809523.760
WIG20TR,20140618,3818.71,3822.38,3809.35,3809.35,809523.760
WIG250,20140618,1258.82,1261.27,1254.73,1259.07,17844.300
WIG30,20140618,2642.06,2647.25,2634.53,2634.63,854979.809
WIG30LEV,20140618,1093.31,1097.59,1087.09,1087.17,854979.809
WIG30SHORT,20140618,4860.77,4874.68,4851.18,4874.49,854979.809
WIG30TR,20140618,4054.56,4055.27,4041.77,4041.77,854979.809
WIG50,20140618,3154.13,3157.93,3146.27,3157.85,113701.103
WIGDIV,20140618,1164.63,1166.76,1162.59,1165.70,490588.268
